size_128:

    mean: 0.9765125426365454,    std: 0.6384481523188913
T_128: 2.253408847274328


size_256:
   
    mean: 6.849379062652588,    std: 0.0926547572016716
T_256: 7.034688577055931

    mean: 0.990210571639617,    std: 0.5872627413334627
T_256: 2.1647360543065424

size_512:

    mean: 47.42485046386719,    std: 0.3619536757469177
T_512: 48.14875781536102

    mean: 0.9766120079195384,    std: 0.5980563701969878
T_512: 2.172724748313514